
durtion: 22.9684609s
durtion: 21.1200539s
